function,option,Method,Method_short,class_name,xml_path,Method_body
org.apache.cassandra.config.DatabaseDescriptor:diagnosticEventsEnabled(),diagnostic_events_enabled,(S)org.apache.cassandra.config.DatabaseDescriptor:diagnosticEventsEnabled(),diagnosticEventsEnabled,DatabaseDescriptor,../data/xml/cassandra_call_methods/DatabaseDescriptor.xml,"
public static boolean diagnosticEventsEnabled()
    {
        return conf.diagnostic_events_enabled;
    }

    "
org.apache.cassandra.config.DatabaseDescriptor:diagnosticEventsEnabled(),diagnostic_events_enabled,(M)org.apache.cassandra.diag.DiagnosticEvent:toMap(),toMap,DiagnosticEvent,../data/xml/cassandra_call_methods/DiagnosticEvent.xml,not found
org.apache.cassandra.config.DatabaseDescriptor:diagnosticEventsEnabled(),diagnostic_events_enabled,(M)org.apache.cassandra.diag.DiagnosticEvent:getType(),getType,DiagnosticEvent,../data/xml/cassandra_call_methods/DiagnosticEvent.xml,not found
